
              W W   
             W ? W                         [36/0]
   
d:1,0,1,0,0;1,0,1,0,0;1,0,1,0,0;1,0,1,0,0;0,0,0,0,0;0,0,0,0,0;

              B B   
             B ? B                         [41/0]
   
d:1,1,0,0,0;1,1,0,0,0;1,1,0,0,0;1,1,0,0,0;0,0,0,0,0;0,0,0,0,0;

              W     
             W ? B 
              W                            [181/0]
   
d:1,1,0,0,0;0,0,0,0,0;1,0,1,0,0;1,0,1,0,0;1,0,1,0,0;0,0,0,0,0;

              B     
             B ? W 
              B                            [187/0]
   
d:1,0,1,0,0;0,0,0,0,0;1,1,0,0,0;1,1,0,0,0;1,1,0,0,0;0,0,0,0,0;

              W     
             W ? B 
                B                          [293/0]
   
d:1,1,0,0,0;0,0,0,0,0;1,0,1,0,0;1,0,1,0,0;0,0,0,0,0;1,1,0,0,0;
