              B .
             B * !                         [S-MB1/0]

             B * !
              B .                          [S-MB1m/0]

s:1,0,0,1,0;1,0,0,0,0;1,1,0,0,0;1,1,0,0,0;0,0,0,0,0;0,0,0,0,0;1

              W !
             W * W                         [S-BP1/0]

             W * W
              W !                          [S-BP1m/0]

s:1,0,1,0,0;1,0,0,1,0;1,0,1,0,0;1,0,1,0,0;0,0,0,0,0;0,0,0,0,0;1

              W
             ! * B
              W                            [S-BP2/0]

s:1,1,0,0,0;0,0,0,0,0;1,0,1,0,0;1,0,0,1,0;1,0,1,0,0;0,0,0,0,0;1

              B !
             B * B                         [S-CD1/0]

             B * B
              B !                          [S-CD1m/0]

s:1,1,0,0,0;1,0,0,1,0;1,1,0,0,0;1,1,0,0,0;0,0,0,0,0;0,0,0,0,0;1

              B B
             B * !                         [S-CD2/0]

             B * !
              B B                          [S-CD2m/0]

s:1,0,0,1,0;1,1,0,0,0;1,1,0,0,0;1,1,0,0,0;0,0,0,0,0;0,0,0,0,0;1

              W
             W * !
              W                            [S-CD3/0]

s:1,0,0,1,0;0,0,0,0,0;1,0,1,0,0;1,0,1,0,0;1,0,1,0,0;0,0,0,0,0;1

              !
             B * W
              B                            [S-CD4/0]

              B
             B * W
              !                            [S-CD4m/0]

s:1,0,1,0,0;0,0,0,0,0;1,0,0,1,0;1,1,0,0,0;1,1,0,0,0;0,0,0,0,0;1

              B
             ! * W
              B                            [S-CD5/0]

s:1,0,1,0,0;0,0,0,0,0;1,1,0,0,0;1,0,0,1,0;1,1,0,0,0;0,0,0,0,0;1

              W
             W * !
                B                          [S-CD6/0]

                B
             W * !
              W                            [S-CD6m/0]

s:1,0,0,1,0;0,0,0,0,0;1,0,1,0,0;1,0,1,0,0;0,0,0,0,0;1,1,0,0,0;1

              W W
             W * !                         [S-V1/0]

             W * !
              W W                          [S-V1m/0]

s:1,0,0,1,0;1,0,1,0,0;1,0,1,0,0;1,0,1,0,0;0,0,0,0,0;0,0,0,0,0;1

              !
             W * B
              W                            [S-V2/0]

              W
             W * B
              !                            [S-V2m/0]

s:1,1,0,0,0;0,0,0,0,0;1,0,0,1,0;1,0,1,0,0;1,0,1,0,0;0,0,0,0,0;1

              B
             B * !
                W                          [S-V3/0]

                W
             B * !
              B                            [S-V3m/0]

s:1,0,0,1,0;0,0,0,0,0;1,1,0,0,0;1,1,0,0,0;0,0,0,0,0;1,0,1,0,0;1

              B
             B * !
              B                            [S-V4/0]

s:1,0,0,1,0;0,0,0,0,0;1,1,0,0,0;1,1,0,0,0;1,1,0,0,0;0,0,0,0,0;1
